10000010
00000011
11010000
00000000
10110000
00000110
10100000
01001011
10001010
00000101
11010100
00000000
10110100
00001001
10100100
00011100
10010110
00001010
01010000
10010100
00010010
01010000
10011000
00001010
01010000
11100110
10101110
00001110
11011000
00000000
10110100
00000111
10100100
00111101
11010100
00000000
11001110
10011010
00011010
10010000
10111000
00001001
10101000
00111011
10010110
00010010
01010000
10011110
00001010
11010000
00010110
00001101
10011100
00001010
11010000
11100110
11101110
10101110
00101010
10101110
00100000
10010110
00011010
00010000
00010100
10010100
00011010
00010000
10000110
00001001
11100100
10000100
00001001
10101110
00000110
11010100
00000000
10110000
00001000
10100000
01010111
11110010
00001010
01000000
11100110
10101110
01001111