10000010
00000011
11010000
00000000
10110000
00000111
10100000
01001011
11011000
00000000
10110100
00001000
10100100
00101001
11010100
00000000
11001110
10011010
00011100
10010000
10111000
00001011
10101000
00100111
10010110
00010100
01010000
10011110
00001100
11010000
00010110
00001101
10011100
00001100
11010000
11100110
11101110
10101110
00010110
10101110
00001100
10010110
00011100
00010000
00010100
10010100
00011100
00010000
10000110
00001011
11100100
10000100
00001011
10001010
00000101
11010100
00000000
10110100
00001011
10100100
01001001
10010110
00001100
01010000
10010100
00010100
01010000
10011000
00001100
01010000
11100110
10101110
00111011
10101110
00000110
11011000
00000000
10110000
00001001
10100000
01101101
11010100
00000000
11001110
10010110
00011110
10010000
10110100
00001011
10100100
01101010
10010010
00001100
01010000
10011010
00100100
11010000
00010001
00001000
10011000
00100100
11010000
11100110
11101110
10101110
01011001
11101010
10101110
01001111
11010100
00000000
10110000
00001010
10100000
01111001
11110010
00100100
01000000
11100110
10101110
01110001